url_path,views_total,views_unique
/BMHLab/AHBAprocessing,59,24
/BMHLab/AHBAprocessing/tree/master/code,15,9
/BMHLab/AHBAprocessing/tree/master/code/dataProcessing,10,7
/BMHLab/AHBAprocessing/tree/master,3,3
/BMHLab/AHBAprocessing/blob/master/code/dataProcessing/S3_samples2parcellation.m,2,2
/BMHLab/AHBAprocessing/blob/master/code/dataProcessing/selectProbeDS.m,2,2
/BMHLab/AHBAprocessing/tree/master/code/peripheralFunctions,2,2
/BMHLab/AHBAprocessing/blob/master/code/dataProcessing/README_processingPipeline.txt,2,1
/BMHLab/AHBAprocessing/issues,2,1
/BMHLab/AHBAprocessing/blob/master/AddPaths.m,1,1
